cameraMatrixL:
[[438.84549857   0.         341.4850471 ]
 [  0.         434.91493391 237.47688702]
 [  0.           0.           1.        ]]
distCoeffL:
[[-0.21957598 -0.03780312  0.02011596  0.00590214  1.80882737]]
cameraMatrixR:
[[439.63869175   0.         335.51806551]
 [  0.         433.47407419 217.48337337]
 [  0.           0.           1.        ]]
distCoeffR:
[[-0.24120483 -0.06525201  0.02261965  0.00358761  0.70110342]]
R:
[[ 0.99979495  0.00490971 -0.01964584]
 [-0.00398726  0.99890004  0.04672047]
 [ 0.01985361 -0.04663255  0.99871479]]
T:
[[-47.84252133]
 [  1.01217125]
 [ -2.47540205]]

Left Camera projectionerror:
2.885338915117674
Right Camera projectionerror:
2.8783454916942635
Stereo Camera projectionerror:
2.9645684411053748