# timeStamp, p_pixel_, p_cam_center, lidar_center. (size = 9)
1676892446389473840 325.86 179.417 0.0022813 -0.117568 1.15127 1.31226 0.0663172 0.0345794
1676892447387382716 325.863 179.442 0.00228733 -0.117516 1.15122 1.31182 0.06676 0.0341789
1676892448563985217 325.853 179.45 0.0022682 -0.117517 1.15138 1.31007 0.063289 0.0343683
1676892449597639056 325.83 179.445 0.00222579 -0.117542 1.15152 1.30968 0.0642495 0.0328396
1676892450779141399 325.821 179.45 0.00220954 -0.117535 1.15155 1.31221 0.0653726 0.0335892
1676892451654707533 325.814 179.464 0.00219715 -0.117524 1.1517 1.30932 0.0687503 0.0342571
1676892452506685668 325.81 179.471 0.00218928 -0.117514 1.15173 1.31419 0.0655764 0.034412
1676892453289801468 325.807 179.496 0.00218308 -0.117473 1.1518 1.31173 0.0655201 0.0340333
1676892454000056634 325.78 179.485 0.00213257 -0.117496 1.15181 1.3115 0.0676674 0.0337576
1676892454498893829 325.787 179.507 0.00214635 -0.117479 1.15205 1.31116 0.0695183 0.034036
1676892455637652070 325.799 179.507 0.00216918 -0.117454 1.15181 1.31229 0.0690777 0.0339806
1676892456222787694 325.792 179.502 0.00215497 -0.117477 1.15193 1.30979 0.0693271 0.0335797
1676892521318626034 449.771 188.679 0.283145 -0.121665 1.39656 1.56254 -0.207225 0.0348556
1676892521929085099 449.741 188.695 0.283104 -0.12164 1.39669 1.56177 -0.208814 0.0353927
1676892522873646863 449.764 188.687 0.283096 -0.121632 1.3964 1.56096 -0.209277 0.0362942
1676892523780646074 449.753 188.701 0.283109 -0.121618 1.39659 1.56203 -0.210123 0.0342455
1676892524329437488 449.757 188.69 0.283095 -0.121632 1.39647 1.56114 -0.209055 0.0352418
1676892524858352418 449.725 188.695 0.283052 -0.121633 1.39662 1.56465 -0.211457 0.0341197
1676892525764849855 449.727 188.692 0.283075 -0.121647 1.39671 1.56147 -0.207467 0.0350668
1676892526506498542 449.741 188.7 0.283136 -0.121642 1.39685 1.56401 -0.208971 0.034898
1676892527280214847 449.732 188.699 0.283096 -0.121636 1.39676 1.56064 -0.212908 0.0345922
1676892528151154666 449.726 188.699 0.283052 -0.121624 1.39661 1.56421 -0.209583 0.0354261
1676892528653632957 449.721 188.708 0.283085 -0.121621 1.39682 1.56083 -0.211755 0.0337179
1676892529219194512 449.733 188.702 0.283091 -0.121627 1.39672 1.56197 -0.2117 0.0347663
1676892529737188916 449.737 188.711 0.283123 -0.121616 1.39683 1.56346 -0.212562 0.0375711
1676892530323582976 449.704 188.725 0.283054 -0.121587 1.39686 1.56389 -0.207066 0.0347822
1676892649424176711 200.276 181.006 -0.273963 -0.135351 1.35967 1.50668 0.35238 0.033905
1676892652333103206 200.286 181.011 -0.273975 -0.135357 1.35984 1.5057 0.347129 0.0349796
1676892652938069572 200.279 180.993 -0.274004 -0.135404 1.35992 1.50505 0.350362 0.0345478
1676892653281489315 200.284 181.013 -0.273946 -0.135334 1.35967 1.50542 0.354434 0.0350443
1676892657209147136 200.287 181.004 -0.273962 -0.135366 1.35978 1.50787 0.347806 0.036712
1676892657886905934 200.296 181.024 -0.273967 -0.135334 1.35992 1.50429 0.352504 0.034167
1676892658504734857 200.292 181.006 -0.273984 -0.135379 1.35995 1.50567 0.354736 0.0333744
1676892659410253611 200.267 181.012 -0.274019 -0.135356 1.35985 1.50491 0.354225 0.0341791
1676892660537169330 200.277 181.018 -0.273982 -0.135334 1.35978 1.50456 0.353285 0.035033
1676892661272662203 200.291 181.004 -0.273991 -0.135386 1.35997 1.50959 0.35472 0.0361867
1676892705070848109 247.238 175.787 -0.141019 -0.121448 1.12453 1.28312 0.213012 0.0348651
1676892705784576776 247.217 175.767 -0.141046 -0.121475 1.12444 1.27895 0.213185 0.0340322
1676892706365686588 247.239 175.774 -0.141005 -0.121461 1.12442 1.28113 0.207828 0.0353068
1676892706857689411 247.216 175.769 -0.141069 -0.121489 1.1246 1.27997 0.211452 0.0343117
1676892707361504605 247.221 175.782 -0.141049 -0.121457 1.12452 1.27958 0.208407 0.0351575
1676892707769056714 247.228 175.771 -0.14105 -0.12149 1.12463 1.28263 0.21263 0.0351242
1676892708316347337 247.241 175.784 -0.141019 -0.121459 1.12457 1.283 0.213894 0.0348401
1676892708851776607 247.232 175.785 -0.14102 -0.121444 1.12444 1.28187 0.215233 0.0324039
1676892709345725552 247.211 175.776 -0.141073 -0.121472 1.12457 1.28091 0.209492 0.0347095
1676892709838776378 247.226 175.783 -0.141053 -0.121465 1.12462 1.27856 0.211891 0.036525
1676892710200571089 247.243 175.773 -0.141009 -0.121474 1.12452 1.28464 0.213939 0.0323662
1676892710738707923 247.208 175.76 -0.141094 -0.121515 1.12468 1.28197 0.211224 0.034058
1676892711325830935 247.217 175.779 -0.141061 -0.121466 1.12456 1.28133 0.207882 0.0368683
1676892711736619577 247.217 175.759 -0.141065 -0.121506 1.12459 1.28042 0.208211 0.0367918
1676892712486295230 247.223 175.763 -0.141049 -0.121494 1.12454 1.28098 0.211487 0.0340945
1676892712985057172 247.21 175.766 -0.14107 -0.121487 1.12452 1.28009 0.213005 0.0330317
1676892713556141198 247.2 175.764 -0.141093 -0.121495 1.12457 1.28197 0.213826 0.0344597
1676892714076060997 247.228 175.78 -0.141037 -0.121462 1.12452 1.28006 0.212809 0.0354336
1676892714584655814 247.243 175.779 -0.141014 -0.121466 1.12456 1.27889 0.211563 0.0336467
1676892715090411650 247.214 175.802 -0.141069 -0.121426 1.12458 1.27763 0.211376 0.0363093
1676892715612922865 247.209 175.771 -0.14108 -0.121485 1.12459 1.27922 0.210249 0.0344339
1676892716076832111 247.226 175.774 -0.141055 -0.121484 1.12463 1.28314 0.209812 0.0346538
1676892771049351243 392.851 195.775 0.199574 -0.136556 1.80575 1.95371 -0.114278 0.0412311
1676892771929166470 392.856 195.785 0.199599 -0.136533 1.80584 1.95272 -0.110571 0.0400304
1676892772864183408 392.86 195.781 0.19956 -0.136511 1.80538 1.95306 -0.111042 0.0417832
1676892773683258447 392.878 195.786 0.199598 -0.136488 1.80525 1.90993 0.122255 -0.0499442
1676892774649606478 392.884 195.786 0.199687 -0.136535 1.8059 1.95053 -0.11337 0.0426379
1676892775551842369 392.865 195.785 0.199606 -0.136521 1.80568 1.95529 -0.112459 0.0421503
1676892776598771903 392.861 195.766 0.199599 -0.136581 1.80571 1.95101 -0.112312 0.0420774
1676892777470272645 392.874 195.771 0.199628 -0.136558 1.80561 1.95224 -0.110259 0.0418344
1676892778311760583 392.87 195.771 0.19962 -0.136563 1.80566 1.95151 -0.114548 0.0437608
1676892779181054367 392.847 195.771 0.199583 -0.136582 1.80594 1.95082 -0.112856 0.0422161