# timeStamp, p_pixel_, p_cam_center, lidar_center. (size = 9)
1677150715611891390 307.394 192.449 -0.0407973 -0.1183 1.4603 1.493 0.0406431 0.143996
1677150728241145884 307.396 192.461 -0.0407934 -0.118278 1.46038 1.49229 0.0417223 0.145494
1677150728936754870 307.407 192.438 -0.0407616 -0.118316 1.46017 1.49665 0.041296 0.14535
1677150729345792156 307.413 192.453 -0.0407528 -0.118293 1.46033 1.49326 0.0410242 0.14709
1677150729760968821 307.429 192.456 -0.0407165 -0.118292 1.4604 1.49257 0.0409973 0.14577
1677150730054924324 307.392 192.473 -0.0408015 -0.118241 1.46028 1.49432 0.0360401 0.145549
1677150730262841130 307.372 192.476 -0.0408525 -0.118246 1.46041 1.49467 0.0404426 0.14549
1677150730480987615 307.358 192.457 -0.0408809 -0.118275 1.46024 1.49405 0.0387996 0.145536
1677150730759760164 307.369 192.467 -0.0408614 -0.11827 1.46047 1.49313 0.0379317 0.144379
1677150730961041396 307.373 192.473 -0.0408451 -0.118238 1.46023 1.49442 0.0391412 0.145858
1677150731267640389 307.355 192.506 -0.0408912 -0.118171 1.46037 1.49193 0.0337474 0.14513
1677150731458298077 307.34 192.478 -0.0409145 -0.118203 1.45996 1.49275 0.0380154 0.147127
1677150731659900545 307.335 192.498 -0.0409327 -0.118175 1.4602 1.49507 0.0399891 0.14435
1677150731861916366 307.325 192.516 -0.0409657 -0.118156 1.46047 1.49272 0.0396456 0.144775
1677150732080898945 307.319 192.501 -0.0409762 -0.118179 1.46033 1.49378 0.0332773 0.146301
1677150732273333712 307.311 192.519 -0.0410002 -0.118151 1.4605 1.49192 0.0324632 0.147355
1677150732767158372 307.297 192.504 -0.0410243 -0.118168 1.46026 1.4941 0.033522 0.146545
1677150733176462306 307.312 192.501 -0.0409935 -0.118188 1.46042 1.4933 0.0330472 0.1447
1677150821843188430 401.546 188.702 0.151975 -0.106205 1.21961 1.25037 -0.144757 0.136976
1677150822849395229 401.559 188.69 0.152001 -0.106228 1.21961 1.25481 -0.144448 0.139349
1677150823647740007 401.549 188.681 0.151983 -0.106246 1.21962 1.25456 -0.148041 0.134318
1677150823946732078 401.537 188.695 0.151978 -0.106232 1.21978 1.25297 -0.147731 0.136005
1677150824163798504 401.521 188.689 0.151932 -0.106233 1.21965 1.25327 -0.149271 0.136865
1677150824355126703 401.503 188.684 0.151887 -0.106238 1.21959 1.25354 -0.147029 0.135076
1677150824550164724 401.527 188.686 0.151941 -0.106237 1.21963 1.25302 -0.146615 0.137125
1677150824855881271 401.527 188.686 0.151958 -0.106251 1.21978 1.25242 -0.14747 0.136129
1677150825061735243 401.513 188.706 0.151927 -0.106208 1.21975 1.25643 -0.145416 0.138152
1677150825265980868 401.499 188.706 0.151902 -0.10621 1.21976 1.25374 -0.147573 0.134947
1677150825488981749 401.503 188.713 0.151893 -0.106184 1.21964 1.25399 -0.147331 0.137383
1677150825759911675 401.529 188.721 0.151942 -0.106167 1.21962 1.25302 -0.149246 0.134401
1677150825966762757 401.49 188.723 0.151864 -0.106162 1.2196 1.25271 -0.148637 0.134592
1677150826166895743 401.48 188.731 0.151865 -0.106161 1.21978 1.25451 -0.146171 0.137398
1677150826384979897 401.483 188.721 0.151857 -0.106171 1.21966 1.25196 -0.147339 0.135801
1677150826609244234 401.461 188.731 0.151795 -0.10614 1.21952 1.25285 -0.146484 0.135993
1677150826868065355 401.481 188.757 0.151853 -0.106101 1.21967 1.25451 -0.147429 0.136165
1677150827066348314 401.469 188.755 0.151831 -0.106106 1.21968 1.2535 -0.144264 0.136708
1677150827381916450 401.484 188.757 0.151849 -0.106092 1.21958 1.2557 -0.147971 0.137926
1677150827572015046 401.454 188.772 0.151809 -0.106078 1.21974 1.25017 -0.147445 0.137563
1677150868713680787 330.59 182.283 0.0115343 -0.116578 1.19594 1.2292 -0.012828 0.127295
1677150869923047130 330.518 182.343 0.0113963 -0.116465 1.19599 1.23018 -0.00891723 0.126871
1677150870337304003 330.524 182.33 0.0114096 -0.116512 1.1962 1.22933 -0.0153928 0.125864
1677150870627579592 330.527 182.366 0.0114163 -0.116444 1.19621 1.22975 -0.0185025 0.130474
1677150871041153515 330.445 182.357 0.0112564 -0.116462 1.19624 1.23052 -0.00840016 0.127167
1677150871337500361 330.46 182.352 0.011287 -0.11649 1.19641 1.2309 -0.0191253 0.136875
1677150871734474235 330.449 182.371 0.0112653 -0.116448 1.19636 1.2293 -0.00879496 0.126965
1677150871954218862 330.479 182.389 0.0113256 -0.116428 1.19651 1.22811 -0.0083952 0.126385
1677150872353174654 330.431 182.368 0.0112318 -0.116454 1.19637 1.2303 -0.0230387 0.12713
1677150872657100762 330.458 182.405 0.0112836 -0.116388 1.19642 1.23113 -0.007689 0.12476
1677150872952775624 330.391 182.386 0.0111546 -0.116435 1.19653 1.22799 -0.00837612 0.125219
1677150873252451138 330.381 182.394 0.0111328 -0.116396 1.19628 1.22673 -0.00825913 0.126017
1677150873644753587 330.408 182.409 0.0111866 -0.116378 1.19639 1.23065 -0.0079471 0.126335
1677150907953210651 358.735 193.008 0.0876998 -0.127164 1.58746 1.60737 -0.0982555 0.152645
1677150909958165579 358.718 193.051 0.0876737 -0.12708 1.58777 1.60791 -0.0967959 0.154506
1677150910262786311 358.709 193.06 0.0876481 -0.127051 1.58772 1.60651 -0.101282 0.158372
1677150910556686934 358.759 193.059 0.0877999 -0.127089 1.58814 1.60838 -0.0994261 0.152197
1677150910785041432 358.706 193.056 0.0876535 -0.127078 1.58793 1.6074 -0.0902897 0.15021
1677150911093235561 358.717 193.057 0.0876907 -0.127089 1.5881 1.60863 -0.093404 0.152203
1677150911410410692 358.741 193.054 0.0877622 -0.127114 1.58831 1.60767 -0.100654 0.150213
1677150911687600298 358.689 193.06 0.0876253 -0.127093 1.58824 1.60812 -0.0977434 0.155754
1677150911987940338 358.726 193.07 0.0877201 -0.127066 1.58822 1.61034 -0.0949026 0.151209
1677150912298357305 358.695 193.083 0.087625 -0.12701 1.58796 1.61014 -0.0991827 0.156698
1677150912498274771 358.697 193.065 0.0876574 -0.127095 1.58842 1.61055 -0.091665 0.152058
1677150938191867600 229.733 188.788 -0.226063 -0.127819 1.47018 1.5141 0.215041 0.149643
1677150938544999249 229.716 188.759 -0.226141 -0.127911 1.47043 1.51596 0.217218 0.151744
1677150938823634532 229.706 188.797 -0.226184 -0.127831 1.47055 1.51756 0.217425 0.149748
1677150939031865940 229.688 188.821 -0.226269 -0.127797 1.47083 1.51667 0.21483 0.151281
1677150939233263708 229.707 188.835 -0.226278 -0.127793 1.47118 1.5172 0.214504 0.148489
1677150939426632341 229.667 188.859 -0.226369 -0.127734 1.47115 1.51675 0.223988 0.149613
1677150939648956698 229.676 188.878 -0.226376 -0.127704 1.47133 1.51563 0.220781 0.149226
1677150939926757922 229.668 188.888 -0.226479 -0.127728 1.47189 1.51761 0.214365 0.149214
1677150940226521414 229.639 188.902 -0.22658 -0.127712 1.4721 1.51733 0.223566 0.148325
1677150940443765488 229.653 188.929 -0.226571 -0.127662 1.47224 1.51975 0.209314 0.155308
1677150941553013789 229.55 189.097 -0.227011 -0.127371 1.47351 1.5176 0.209814 0.148972
1677150977445295018 430.366 194.141 0.255118 -0.116566 1.48928 1.52548 -0.25989 0.146932
1677150977640504249 430.331 194.166 0.255118 -0.116544 1.48977 1.52571 -0.260665 0.147554
1677150977837758289 430.332 194.178 0.255128 -0.116517 1.4898 1.51779 -0.258807 0.147975
1677150978044890421 430.295 194.183 0.255056 -0.116514 1.48992 1.52155 -0.25866 0.146264
1677150978643048698 430.32 194.173 0.255112 -0.116536 1.48988 1.52398 -0.261727 0.147173
1677150978852901378 430.352 194.169 0.255176 -0.116539 1.4898 1.51773 -0.257771 0.148044
1677150979053297628 430.322 194.197 0.255162 -0.116498 1.49016 1.52043 -0.259098 0.147781
1677150979247930141 430.367 194.185 0.255248 -0.116519 1.49002 1.51975 -0.258655 0.147253